100000000001
100000000002
100000000003
100000000004
100000000005
100000000006
100000000007
100000000008
100000000009
100000000010
100000000011
100000000012
100000000013
100000000014
100000000015
101010010001
101010010002
101010010003
101010010004
101010010005
101010010006
101010030001
101010030002
101010030003
101010070001
101010080001
101010080002
101010080003
101010080004
101010080005
101010080006
101010080007
101010080008
101010080009
101010080010
101010080011
101010080012
101010080013
101010080014
101010080015
101010110001
101010110002
101010110003
101010120001
101010120002
101010120003
101010120004
101010140001
101020010001
101020010002
101020010003
101020030001
101020030002
101020030003
101020030004
101020030005
101020030006
101020030007
101020040001
101020040002
101020040003
101020040004
101020050001
101020050002
101020050003
101020050004
101020050005
101020060001
101020060002
101020060003
101020060004
101020060005
101020060006
101020060007
101020060008
101020060009
101020060010
101020060011
101020060012
101020070001
101020070002
101020070003
101020070004
101020070005
101020070006
101020070007
101020070008
101020070009
101020070010
101020070011
101020070012
101020080001
101020080002
101020080003
101020080004
101020080005
101020080006
101020080007
101020080008
101020080009
101020080010
101020080011
101020080012
101020080013
101020080014
101020080015
101020080016
101020080017
101020080018
101020080019
101020080020
101020100001
101020100002
101020100003
101020100004
101020100005
101020100006
101020100007
101020100008
101020100009
101020100010
101020120001
101020120002
101020120003
101020120004
101020120005
101020120006
101020120007
101020120008
101020130001
101020130002
101020130003
101020130004
101020130005
101020140001
101020140002
101020140003
101020140004
101020140005
101020140006
101020140007
101020140008
101020140009
101020140010
101020140011
101020140012
101020140013
101020140014
101020140015
101020140016
101020140017
101020150001
101020150002
101020150003
101020150004
101020150005
101020150006
101020150007
101020150008
101020150009
101020150010
101020150011
101020150012
101020150013
101020170001
101020170002
101020170003
101020190001
101020190002
101020190003
101020190004
101020190005
101020190006
101020200001
101020220001
101020220002
101020220003
101020220004
101020220005
101020220006
101020220007
101020230001
101020230002
101020250001
101020250002
101020250003
101020250004
101020250005
101020250006
101020250007
101020250008
101020250009
101020250010
101020250011
101020250012
101020270001
101020270002
101020270003
101020270004
101020270005
101020270006
101020280001
101020280002
101020280003
101020280004
101020280005
101020280006
101020280007
101020280008
101020280009
101020280010
101020280011
101020280012
101020310001
101020310002
101020330001
101020330002
101020330003
101020330004
101020330005
101020330006
101020330007
101020330008
101020330009
101020330010
101020330011
101020330012
101020330013
101020330014
101020340001
101020340002
101020340003
101020340004
101020340005
101029990001
101029990002
101030050001
101030050002
101030050003
101030050004
101030050005
101030050006
101030050007
101030050008
101030050009
101030090001
101030090002
101030090003
101030090004
101030090005
101030090006
101030090007
101030090008
101030100001
101030100002
101030110001
101030110002
101030120001
101039990001
101039990002
101039990003
101039990004
101040010001
101040020001
101040020002
101040040001
101040040002
101040040003
101050010001
101050020001
101050020002
101050020003
101050040001
101050040002
101050040003
101050050001
101050050002
101050050003
101050050004
101050050005
101050050006
101050050007
101050050008
101050050009
101050100001
101050100002
101050100003
101050100004
101060030001
101060040001
101060050001
101060050002
101060050003
101060050004
101060050005
101070010001
101070010002
101080010001
101080010002
101080010003
101080010004
101080010005
101080010006
101080010007
101080010008
101080010009
101080010010
101080010011
101080010012
101080010013
101080010014
101080010015
101080010016
101080030001
101080030002
101080030003
101080030004
101080030005
101080030006
101080030007
101080030008
101080030009
101080030010
101080040001
101080040002
101080040003
101080040004
101080040005
101080040006
101080040007
101080040008
101080040009
101080040010
101080040011
101080040012
101080050001
101080050002
101080050003
101080050004
101080050005
101080050006
101080050007
101080050008
101080050009
101080050010
101080050011
101080050012
101080050013
101080050014
101080050015
101080050016
101080050017
101080050018
101080050019
101080050020
101080050021
101080050022
101080050023
101080050024
101080050025
101080050026
101080070001
101080070002
101080070003
101080070004
101080070005
101090020001
101090030001
101090040001
101090040002
101090040003
101090040004
101090040005
101090040006
101090050001
101090050002
101090050003
101090050004
101090050005
101090050006
101090050007
101090050008
101090050009
101090050010
101090050011
101090050012
101090050013
101090110001
101090110002
101100020001
101100020002
101100020003
101100020004
101100030001
101100030002
101100030003
101100030004
101100030005
101100050001
101100050002
101120020001
101130020001
101130020002
101130020003
101130020004
101130020005
101130020006
101130020007
101130020008
101130030001
101130030002
101130030003
101130030004
101130030005
101130030006
101130030007
101130030008
101130030009
101130030010
101130030011
101130030012
101130030013
101130040001
101130040002
101130040003
101130040004
101130040005
101130040006
101130040007
101130040008
101130040009
101130040010
101130040011
101130040012
101130040013
101130040014
101130040015
101130040016
101130040017
101130040018
101130040019
101130040020
101130040021
101130040022
101130040023
101130040024
101130040025
101130040026
101130040027
101130040028
101130040029
101130040030
101130040031
101130040032
101130040033
101130060001
101130070001
101130070002
101130070003
101130070004
101130070005
101130070006
101130070007
101130130001
101130130002
101130160001
101130160002
101140010001
101140010002
101140010003
101140010004
101140010005
101140010006
101140010007
101140010008
101140010009
101140010010
101140010011
101140010012
101140010013
101140010014
101140010015
101140010016
101140010017
101140010018
101140010019
101140010020
101140010021
101140010022
101140010023
101140010024
101140020001
101140020002
101140020003
101140020004
101140020005
101140020006
101140020007
101140020008
101140020009
101140020010
101140020011
101140020012
101140020013
101140030001
101140030002
101140030003
101140030004
101140030005
101140030006
101140030007
101140030008
101140030009
101140030010
101140030011
101140030012
101140030013
101140030014
101140030015
101140030016
101140030017
101140030018
101150010001
101160010001
101160020001
101160020002
101160020003
101160080001
101160140001
101160140002
101160140003
101170010001
101170010002
101170010003
101170010004
101170010005
101170030001
101170030002
101170030003
101170060001
101170070001
101170070002
101170080001
101170080002
101170080003
101170080004
101170080005
101170130001
101170130002
101180050001
101190020001
101190020002
101190020003
101190020004
101190020005
101190020006
101190020007
101190020008
101190020009
101190020010
101190030001
101190030002
101190030003
101190030004
101190030005
101190030006
101190030007
101190040001
101190040002
101190040003
101190050001
101190050002
101190050003
101190050004
101190050005
101190050006
101190050007
101190070001
101190070002
101190070003
101190070004
101190070005
101190070006
101190070007
101190100001
101190100002
101190130001
101190130002
101190130003
101190130004
101190130005
101190130006
101190160001
101190160002
101190160003
101190160004
101190160005
101190160006
101190160007
101190160008
101190160009
101190160010
101190160011
101190170001
101190170002
101190210001
101190230001
101190240001
101190240002
101199990001
101199990002
101200010001
101200010002
101200010003
101200010004
101200010005
101200010006
101200010007
101200010008
101200010009
101200010010
101200010011
101200010012
101200010013
101200010014
101200010015
101200010016
101200020001
101200020002
101200020003
101200020004
101200030001
101200030002
101200030003
101200030004
101200030005
101200030006
101200030007
101200030008
101200030009
101200030010
101200040001
101200040002
101200040003
101200040004
101200040005
101200040006
101200040007
101200040008
101200040009
101200070001
101200070002
101200070003
101200070004
101200070005
101200070006
101200070007
101200070008
101200070009
101200070010
101200070011
101200070012
101200070013
101200070014
101200070015
101200070016
101200070017
101200070018
101200070019
101200070020
101200070021
101200090001
101200100001
101200100002
101200100003
101200100004
101200110001
101200110002
101200110003
101200120001
101200120002
101200160001
101200270001
101209990001
101209990002
101209990003
101209990004
102010020001
102080040001
102080060001
102080060002
102080060003
102080060004
103010010001
103010010002
103010010003
103010010004
103010010005
103010010006
103010010007
103010010008
103010010009
103010010010
103010010011
103010010012
103010020001
103010020002
103010020003
103010020004
103010040001
103010140001
103010140002
103020010001
103020010002
103020010003
103020010004
103020010005
103020010006
103020010007
103020010008
103020020001
103020020002
103020020003
103020020004
103020050001
103020050002
103020050003
103020050004
103020050005
103020050006
103020050007
103020080001
103020080002
103020080003
103020130001
103020130002
103020130003
103020200001
103020200002
103020200003
103020200004
103020200005
103020200006
103020200007
103020200008
103020360001
103020360002
103020380001
103020380002
103020420001
103027010001
103029990001
103029990002
103030110001
103030110002
103030110003
103030110004
103030110005
103030110006
103030110007
103030110008
103030110009
103030110010
103030110011
103030110012
103030110013
103030110014
103030110015
103030110016
103030110017
103030130001
103030130002
103030130003
103030130004
103030130005
103030130006
103030130007
103030130008
103030130009
103030130010
103030150001
103030150002
103030150003
103030150004
103030150005
103030150006
103030150007
103030150008
103030150009
103030150010
103030150011
103030150012
103030150013
103030150014
103030150015
103030150016
103030150017
103030150018
103030150019
103030250001
103030250002
103030250003
103030250004
103030250005
103030250006
103030250007
103030250008
103030250009
103030250010
103030250011
103030330001
103030330002
103030330003
103030330004
103030330005
103030330006
103030350001
103030350002
103030360001
103030360002
103030360003
103030360004
103030360005
103030360006
103030360007
103030360008
103030360009
103030360010
103030360011
103030360012
103030370001
103030370002
103030370003
103030370004
103030370005
103030370006
103030370007
103030370008
103030370009
103030370010
103030370011
103030370012
103030370013
103030460001
103030460002
103030470001
103030470002
103030490001
103030490002
103030490003
103030490004
103030490005
103030510001
103030510002
103030510003
103030510004
103030510005
103030510006
103030510007
103030510008
103030510009
103030510010
103030510011
103030510012
103030510013
103030520001
103030520002
103030520003
103030520004
103030520005
103030520006
103030530001
103030530002
103030540001
103030540002
103030540003
103030540004
103030550001
103030560001
103030570001
103030580001
103030590001
103030600001
103030610001
103030620001
103030620002
103030630001
103030690001
103030700001
103030710001
103030720001
103030740001
103039990001
103039990002
103039990003
103039990004
103040010001
103040010002
103040010003
103040030001
103040040001
103040040002
103040040003
103040040004
103040050001
103040050002
103040050003
103040050004
103040050005
103040050006
103050010001
103050010002
103050010003
103050010004
103050010005
103050010006
103050010007
103050020001
103050020002
103050020003
103050020004
103050020005
103050030001
103050040001
103050060001
103050060002
103050060003
103050060004
103050060005
103050080001
103050090001
103050180001
103070010001
103070010002
103070010003
103070010004
103070010005
103070010006
103080010001
103080010002
103080020001
103080060001
103080060002
103080060003
103080240001
103080240002
103090010001
103090040001
103090040002
103090050001
103090050002
103090120001
103090130001
103090160001
103090170001
103090170002
103090190001
103090200001
103090250001
103090250002
103090250003
103099990001
103100010001
103100010002
103100010003
103100010004
103100010005
103100010006
103100010007
103100010008
103100010009
103100010010
103100010011
103100010012
103100020001
103100020002
103100020003
103110010001
103110010002
103110020001
103110020002
103120010001
103120040001
103120040002
103120040003
103130020001
103130020002
103130020003
103130030001
103130040001
103130040002
103130060001
103130100001
103130100002
103130110001
103130110002
103130150001
103130150002
103139990001
103139990002
103150020001
103150020002
103150020003
103150020004
103150020005
103150040001
103150060001
103150070001
103150070002
103150130001
103150130002
103150130003
103150150001
103150230001
103150230002
103150250001
103150250002
103150250003
103150250004
103150250005
103150250006
103150250007
103150250008
103150250009
103150250010
103150340001
103150340002
103150340003
103160020001
103160040001
103160070001
103160100001
103160110001
103160110002
103160110003
103160120001
103160120002
103160120003
103160130001
103160130002
103160150001
103160210001
103160210002
103160230001
103160230002
103160370001
103160370002
103160380001
103160390001
103169990001
103170020001
103170030001
103170030002
103170030003
103170030004
103170030005
103170060001
103170130001
103170130002
103170130003
103170130004
103170130005
103170140001
103170160001
103170160002
103170160003
103170160004
103170180001
103170210001
103170210002
103170210003
103170210004
103170220001
103170220002
103170220003
103170230001
103170230002
103170230003
103170230004
103170230005
103170240001
103170240002
103170240003
103170240004
103170250001
103170260001
103170260002
103170260003
103170260004
103170270001
103170290001
103180010001
103180010002
103180010003
103180030001
103180030002
103180050001
103180050002
103180050003
103180050004
103180050005
103180050006
103180050007
103180050008
103180050009
103180060001
103180060002
103180070001
103180080001
103180120001
103180120002
103180120003
103180130001
103180130002
103180130003
103180130004
103180130005
103180130006
103180130007
103180140001
103180140002
103180140003
103180140004
103180140005
103180140006
103180150001
103180150002
103180150003
103180160001
103180190001
103180200001
103180210001
103180210002
103189990001
103189990002
103190010001
103200010001
103200010002
103200030001
103710020001
104010020001
104010050001
104010050002
104010050003
104020030001
104020030002
104020030003
104020040001
104020040002
104020040003
104020080001
104020080002
104020080003
104020080004
104020080005
104020080006
104030010001
104030020001
104030020002
104030020003
104030020004
104030020005
104030020006
104030040001
104030060001
104030060002
104030060003
104030060004
104030060005
104030060006
104030060007
104030060008
104030060009
104030060010
104030060011
104030060012
104030060013
104030060014
104030060015
104030060016
104030060017
104030060018
104030080001
104030080002
104030080003
104030080004
104030080005
104030080006
104030080007
104030080008
104030080009
104030080010
104030110001
104030110002
104030110003
104030110004
104030110005
104030110006
104030110007
104030130001
104030130002
104039990001
104040060001
104040060002
104040060003
104040060004
104040060005
104040090001
104040090002
104040090003
104040090004
104040090005
104040120001
104040120002
104040170001
104049990001
104049990002
105010020001
105010020002
105010020003
105010020004
105010020005
105010060001
105010060002
105020010001
105020010002
105020010003
105020010004
105020010005
105020010006
105020010007
105020010008
105020010009
105020010010
105020010011
105020010012
105020010013
105020010014
105020010015
105020010016
105020010017
105020010018
105020010019
105020010020
105020010021
105020010022
105020010023
105020020001
105020030001
105020030002
105020030003
105020030004
105020030005
105020030006
105020030007
105020030008
105020030009
105020030010
105020030011
105020030012
105020030013
105020030014
105020030015
105020030016
105020030017
105020030018
105020030019
105020030020
105020030021
105020030022
105020030023
105020060001
105020120001
105030020001
105030040001
105040010001
105040010002
105040010003
105040010004
105040040001
105040060001
105040070001
105050010001
105050010002
105050010003
105050010004
105050010005
105060010001
105060010002
105060010003
105060010004
105060010005
105060020001
105060020002
105060040001
105060040002
105060100001
105060100002
105060120001
105060120002
105060120003
105060120004
105060120005
105060120006
105060120007
105060140001
105060140002
105060390001
106010010001
106010010002
106010010003
106010010004
106010010005
106010010006
106010010007
106010010008
106010010009
106010010010
106010060001
106010060002
106010060003
106010060004
106010060005
106010060006
106010060007
106010060008
106010060009
106010060010
106010060011
106010060012
106010060013
106010060014
106010060015
106010060016
106010060017
106010060018
106010060019
106010060020
106010070001
106010070002
106010090001
106010090002
106010110001
106010110002
106010110003
106010110004
106010110005
106010110006
106010110007
106010110008
106010120001
106010120002
106010120003
106010120004
106010120005
106010120006
106010130001
106010130002
106010130003
106010130004
106010130005
106010130006
106010130007
106010130008
106010130009
106010130010
106010130011
106010130012
106010130013
106010130014
106010130015
106010130016
106010140001
106010140002
106010140003
106010140004
106010140005
106010140006
106010140007
106010140008
106010150001
106010190001
106010190002
106010190003
106010220001
106010220002
106010220003
106010220004
106020030001
106020030002
106020030003
106020030004
106020030005
106020030006
106020030007
106020030008
106020030009
106020060001
106020060002
106020060003
106020060004
106020090001
106020160001
106029990001
106030130001
106030130002
106030130003
106030130004
106030130005
106030130006
106030150001
106030150002
106030150003
106030150004
106030150005
106030150006
106030150007
106030150008
106030150009
106030150010
106030150011
106030150012
106030150013
106030150014
106030190001
106030190002
106030190003
106030190004
106030190005
106030190006
106030240001
106030240002
106030240003
106030240004
106030240005
106030240006
106030240007
106030240008
106030240009
106030240010
106030240011
106040010001
106040010002
106040010003
106040010004
106040010005
106040010006
106040010007
106040010008
106040010009
106040010010
106040010011
106040010012
106040010013
106040030001
106040030002
106040040001
106040040002
106040040003
106040040004
106040040005
106040040006
106040040007
106040040008
106040040009
106040040010
106040040011
106040040012
106040040013
106040090001
106040090002
106040120001
106040120002
106040120003
106040120004
106040120005
106040120006
106040120007
106040120008
106040120009
106040120010
106040130001
106040130002
106040260001
106040260002
106040340001
106040340002
106040350001
106040350002
106040350003
106040460001
106040460002
106040470001
106040470002
106040480001
106047010001
106050050001
106050050002
106050060001
106050100001
106050100002
106050100003
106050100004
106050100005
106050100006
106050170001
106050190001
106050220001
106050220002
106060010001
106060080001
106060100001
106060130001
106060130002
106060140001
106060140002
106060140003
106060140004
106060210001
106060220001
106060220002
106060220003
106060220004
106060240001
106060240002
106060240003
106060240004
106060250001
106060250002
106060250003
106060250004
106060260001
106060260002
106060260003
106060260004
106060260005
106060270001
106060270002
106060290001
106060290002
106060290003
106060290004
106060290005
106060290006
106060290007
106060290008
106060290009
106060290010
106060290011
106060300001
106060300002
106060300003
106060300004
106060300005
106060300006
106060300007
106060300008
106060300009
106060300010
106060300011
106060310001
106060310002
106060310003
106060310004
106060310005
106060310006
106060310007
106060310008
106060310009
106060350001
106060350002
106060350003
106060350004
106060350005
106060350006
106060350007
106060350008
106060350009
106060350010
106060350011
106060530001
106060580001
106060610001
106060610002
106060660001
106060660002
106060660003
106060670001
106060670002
106060670003
106060670004
106060670005
106060670006
106060680001
106060710001
106060710002
106060710003
106060710004
106060710005
106060730001
106060750001
106060760001
106060760002
106060760003
106060760004
106060780001
106069990001
106070010001
106070010002
106070010003
106070020001
106070020002
106070040001
106070040002
106070040003
106070040004
106070040005
106070050001
106070050002
106070050003
106070050004
106070070001
106070070002
106070070003
106070070004
106070080001
106070080002
106070080003
106070080004
106070080005
106070080006
106070110001
106080030001
106080030002
106080030003
106080030004
106080090001
106080090002
106080090003
106080090004
106080090005
106080090006
106080100001
106080110001
106080110002
106080110003
106080110004
106080120001
106080120002
106080120003
106080120004
106080120005
106080130001
106080130002
106080130003
106080130004
106080190001
106080190002
106080210001
106080210002
106080210003
106080210004
106080430001
106089990001
107010020001
107010020002
107010020003
107010020004
107010020005
107010030001
107010030002
107010030003
107010030004
107010030005
107010030006
107010030007
107010030008
107010030009
107010030010
107010030011
107010030012
107010030013
107010030014
107010030015
107010030016
107010030017
107010050001
107010050002
107010050003
107010060001
107010120001
107010120002
107010160001
107010160002
107010180001
107010190001
107019990001
107019990002
107019990003
107020010001
107020010002
107020010003
107020020001
107020030001
107020040001
107020040002
107020080001
107020350001
107020350002
107020350003
107020350004
107030010001
107030010002
107030010003
107030010004
107030010005
107030010006
107030010007
107030020001
107030020002
107030030001
107030030002
107030030003
107030030004
107030030005
107030030006
107030030007
107030030008
107030030009
107030030010
107030030011
107030040001
107030040002
107030040003
107030040004
107030070001
107030070002
107030070003
107030090001
107030090002
107030090003
107030110001
107030110002
107030110003
107030120001
107030120002
107039990001
107040010001
107040010002
107040010003
107040040001
107040040002
107050010001
107050010002
107050010003
107050010004
107050010005
107050010006
107050010007
107050010008
107050010009
107050010010
107050010011
107050010012
107050010013
107050010014
107050010015
107050010016
107050010017
107050010018
107050020001
107050020002
107050020003
107050020004
107050020005
107050030001
107050030002
107050030003
107050030004
107050030005
107050030006
107060040001
107060040002
107070020001
107070020002
107070020003
107070020004
107070020005
107070020006
107070020007
107070030001
107070030002
107070030003
107070030004
107070030005
107070030006
107070030007
107070030008
107070040001
107070040002
107070040003
107070040004
107080020001
107080020002
107080020003
107080020004
107080020005
107080020006
107080020007
107090010001
107090010002
107090010003
107090020001
107090020002
107090020003
107090030001
107090030002
107090030003
107090030004
107090030005
107090030006
107090040001
107090040002
107099990001
107100180001
107100180002
107100180003
107100220001
107100220002
107100250001
107100320001
108010030001
108010030002
108010030003
108010030004
108010030005
108010030006
108010030007
108019990001
108020010001
108020010002
108020010003
108020010004
108020010005
108020010006
108020010007
108020010008
108020010009
108020010010
108020020001
108020020002
108020020003
108020020004
108020020005
108020020006
108020020007
108020020008
108020020009
108020020010
108020020011
108020040001
108020040002
108020040003
108020040004
108020040005
108020040006
108020040007
108020040008
108020070001
108020070002
108020070003
108020070004
108020070005
108020070006
108020070007
108020070008
108020070009
108020070010
108020070011
108020070012
108020070013
108020070014
108020070015
108020070016
108020080001
108020080002
108020080003
108020080004
108020080005
108020080006
108020080007
108020090001
108020090002
108020090003
108020090004
108020090005
108020090006
108020090007
108020090008
108020090009
108020090010
108020090011
108020090012
108020090013
108020100001
108020100002
108020100003
108020100004
108020100005
108020100006
108020100007
108020100008
108020100009
108020110001
108020110002
108020110003
108030010001
108030010002
108030010003
108030010004
108030010005
108030020001
108030020002
108030020003
108030020004
108030050001
108030060001
108030090001
108030100001
108030110001
108030110002
108030110003
108030140001
108030140002
108030140003
108040030001
108050080001
108060030001
108060030002
108060030003
108060030004
108060040001
108060040002
108060050001
108070020001
108070040001
108070040002
108070050001
108070050002
108070050003
108070050004
108070090001
108070090002
108070090003
108070100001
108070110001
108070110002
108070110003
108080010001
108080010002
108080010003
108080010004
108080010005
108080010006
108080010007
108080010008
108080010009
108080010010
108080010011
108080010012
108080010013
108080010014
108080020001
108080020002
108080020003
108080020004
108080020005
108080020006
108080020007
108080050001
108080050002
108080050003
108080050004
108080050005
108080080001
108080080002
108080080003
108080080004
108080080005
108080090001
108080090002
108080090003
108080090004
108080090005
108080100001
108080100002
108080100003
108080110001
108080110002
108080170001
108080170002
108080170003
108080200001
108080200002
108090010001
108090010002
108090010003
108090040001
108090040002
108090040003
108090040004
108090040005
108090040006
108090040007
108090060001
108090060002
108090060003
108090060004
108090060005
108090070001
108090090001
108090090002
108090090003
108090090004
108090090005
108090090006
108090090007
108090090008
108090090009
108090090010
108090090011
108090090012
108090140001
108090150001
108090150002
108090150003
108090160001
108090160002
108090160003
108090160004
108090160005
108090160006
108090170001
108090200001
108090230001
108090250001
108099990001
108100010001
108100010002
108100030001
108100030002
108100030003
108100050001
108100050002
108100050003
108100050004
108100050005
108100050006
108100050007
108100050008
108100060001
108100060002
108100070001
108100080001
108100080002
108100090001
108110010001
108110010002
108110030001
108110050001
108110050002
108110070001
108110070002
108110120001
108110130001
108110130002
108110170001
108110190001
108110190002
108110200001
108110210001
108110210002
108110210003
108110210004
108110210005
108110210006
108110210007
108110210008
108110210009
108110210010
108110210011
108110220001
108110230001
108110230002
108110250001
108110250002
108110250003
108110250004
108110250005
108110300001
108110300002
108110300003
108110300004
108110300005
108110300006
108110300007
108110300008
108110370001
108110370002
108110380001
108110390001
108110390002
108110390003
108110390004
108110410001
108110410002
108110470001
108110480001
108110480002
108110480003
108110480004
108110480005
108110490001
108110490002
108110490003
108110490004
108110490005
108110490006
108110500001
108110510001
108110520001
108110520002
108110540001
108699900001
108990010001
108990010002
108990010003
108990010004
108990020001
108990020002
108990020003
108990020004
108990030001
108990040001
108990040002
108990040003
108990040004
108990040005
108990040006
108999990001
108999990002
109010010001
109010010002
109010010003
109010010004
109010010005
109010010006
109010010007
109010010008
109010010009
109010010010
109010010011
109010010012
109010010013
109010010014
109010010015
109010010016
109010010017
109010010018
109010060001
109010060002
109010060003
109010060004
109010060005
109010100001
109010100002
109010100003
109010100004
109010100005
109010100006
109010100007
109010100008
109010390001
109010390002
109010390003
109010390004
109010390005
109010390006
109010390007
109010400001
109010400002
109010410001
109010410002
109010410003
109010410004
109010480001
109010490001
109010490002
109010490003
109010490004
109010490005
109010490006
109010490007
109010490008
109010490009
109010490010
109010490011
109010520001
109010520002
109010520003
109010550001
109010550002
109020040001
109020090001
109020110001
109020110002
109029990001
109029990002
110010010001
110010010002
110010010003
110010010004
110010020001
110010020002
110010020003
110010020004
110010020005
110010020006
110010020007
110010020008
110010020009
110010020010
110010020011
110010020012
110010020013
110010020014
110010020015
110010080001
110010080002
110010080003
110010080004
110010080005
110010080006
110010080007
110010080008
110010080009
110010130001
110010130002
110010150001
110010160001
110010160002
110010160003
110010170001
110010170002
110030010001
110030010002
110102008011
111010030001
111010030002
111010030003
111010030004
111010030005
111010030006
111010040001
111010040002
111010040003
111010040004
111010050001
111010050002
111010050003
111010050004
111010050005
111010050006
111010050007
111010050008
111010060001
111010060002
111010060003
111010090001
111010100001
111010100002
111010110001
111010110002
111010130001
111010130002
111010130003
111010130004
111010130005
111010130006
111010130007
111010130008
111010130009
111010150001
111010160001
111010200001
111010200002
111010230001
111010250001
111010260001
111010260002
111010260003
111010260004
111010260005
111019990001
111019990002
111019990003
111019990004
111019990005
111019990006
111019990007
111019990008
111019990009
111019990010
111020020001
111020020002
111020020003
111020020004
111020020005
111020020006
111020020007
111020020008
111020020009
111020020010
111020020011
111020020012
111020020013
111020030001
111020030002
111020040001
111020040002
111020040003
111020050001
111020050002
111020050003
111020070001
111020070002
111020070003
111020070004
111020070005
111020080001
111020110001
111020110002
111020200001
111030010001
111030010002
111030010003
111030010004
111030010005
111030010006
111030010007
111030010008
111030060001
111030060002
111030060003
111030090001
111030100001
111030100002
111030100003
111030100004
111030100005
111030100006
111030100007
111030110001
111040030001
111040040001
111040040002
111040040003
111040040004
111040040005
111040040006
111040040007
111040050001
111040050002
111040050003
111040050004
111040050005
111040050006
111040050007
111040050008
111040050009
111040050010
111040050011
111040050012
111040060001
111040060002
111040080001
111040080002
111040080003
111040080004
111040080005
111040090001
111040120001
111040120002
111040170001
111040170002
111040170003
111040170004
111040210001
111040210002
111050030001
111050030002
111050030003
111050100001
111050100002
111050100003
111050120001
111050120002
111050120003
111050130001
111050130002
111050150001
111050180001
111050180002
111050180003
111050180004
111050180005
111050180006
111050180007
111060010001
111060010002
111060010003
111060010004
111060010005
111060010006
111060010007
111060010008
111060010009
111060010010
111060010011
111060010012
111060010013
111060010014
111060010015
111060010016
111060010017
111060030001
111060040001
111060040002
111060040003
111060040004
111060070001
111060070002
111060070003
111060090001
111060090002
111060110001
111060110002
111060110003
111060110004
111060110005
111060130001
111060180001
111069990001
112010010001
112010010002
112010010003
112010010004
112010010005
112010010006
112010010007
112010010008
112010010009
112010010010
112010010011
112010010012
112010020001
112010040001
112010040002
112010040003
112010040004
112010040005
112010040006
112010040007
112010110001
112010130001
112010130002
112010130003
112010130004
112010150001
112010150002
112010150003
112010150004
112010150005
112010150006
112010150007
112010150008
112010150009
112010150010
112010150011
112010160001
112010160002
112010160003
112010160004
112010160005
112010160006
112010160007
112010160008
112010160009
112010160010
112010160011
112010160012
112010200001
112010300001
112010300002
112010300003
112010300004
112010300005
112010610001
112010610002
112010610003
112010610004
112010610005
112010610006
112010610007
112010610008
112019990001
112020010001
112020010002
112020010003
112020010004
112020030001
112020030002
112020030003
112020030004
112020030005
112020030006
112020030007
112020030008
112020030009
113010010001
113010010002
113020020001
113020020002
113020020003
113020020004
113020020005
113020020006
113020030001
113020030002
113020030003
113020030004
113020030005
113020030006
113020030007
113020030008
113020030009
113020040001
113020050001
113020050002
113020050003
113020050004
113020050005
113020050006
113020050007
113020050008
113020110001
113020110002
113020110003
113020110004
113020110005
113020110006
113020110007
113020110008
113020110009
113020110010
113020110011
113020110012
113020110013
113020110014
113020110015
113020110016
113020110017
113020110018
113020110019
113020110020
113020110021
113020110022
113020110023
113020110024
113020110025
113020110026
113020110027
113020110028
113020110029
113020120001
113020120002
113020120003
113020130001
113020130002
113020130003
113020130004
113020150001
113020150002
113020150003
113020160001
113020160002
113020180001
113020180002
113020190001
113020210001
113020290001
113020290002
113029990001
113029990002
113029990003
113030010001
113030020001
113030020002
113030020003
113030020004
113030030001
113030030002
113030030003
113030080001
113040010001
113040010002
113040030001
113040030002
113040030003
113040030004
113040050001
113040060001
113040080001
113050010001
113050010002
113050010003
113050010004
113050010005
113050010006
113050010007
113050010008
113050010009
113050010010
113050020001
113050020002
113050020003
113050020004
113050020005
113050020006
113050070001
113050080001
113050090001
113050090002
113060010001
113060010002
113060010003
113060030001
113060030002
113060110001
113070010001
113070010002
113070010003
113070020001
113070040001
113070040002
113070340001
113070340002
113070340003
113070340004
113070340005
113070340006
113070340007
113070420001
113070420002
113070420003
113090010001
113090010002
113090010003
113090010004
113090010005
113090010006
113090010007
113090020001
113090020002
113090020003
113090020004
113090020005
113090020006
113090030001
113090030002
113090030003
113090030004
113090030005
113090040001
113090040002
113090040003
113090040004
113090060001
113090060002
113090070001
113090070002
113090080001
113090080002
113090080003
113090080004
113090080005
113099990001
113099990002
113099990003
113099990004
113099990005
113099990006
113099990007
113100010001
113100010002
113100030001
113100040001
113100040002
113100040003
113100040004
113100040005
113100040006
113100040007
113100040008
113100040009
113100050001
113100050002
113100050003
113100050004
113100050005
113100050006
113100050007
113100050008
113100060001
113100060002
113100070001
113100070002
113100070003
113100070004
113100070005
113100090001
113100090002
113100090003
113100090004
113100090005
113100090006
113100090007
113100090008
113100090009
113100090010
113100090011
113100090012
113100100001
113100100002
113100100003
113100100004
113100100005
113100110001
113100120001
113100130001
113100130002
113100130003
113100130004
113100130005
113100130006
113100130007
113100140001
113100140002
113100140003
113100140004
113100160001
113100190001
113100190002
113100190003
113100190004
113100190005
113100210001
113110030001
113110030002
113110030003
113110030004
113110050001
113110050002
113110050003
113110060001
113110060002
113110060003
113110060004
113110100001
113120010001
114010010001
114010030001
114010030002
114010030003
114010090001
114010090002
114010090003
114010090004
114010090005
114010090006
114010090007
114010090008
114010090009
114010090010
114010090011
114010100001
114019990001
114019990002
114019990003
114019990004
114019990005
114019990006
114019990007
114019990008
114020010001
114020010002
114020010003
114020010004
114020010005
114020010006
114020010007
114020010008
114020010009
114020010010
114020010011
114020010012
114020020001
114020020002
114020020003
114020020004
114020020005
114020020006
114020020007
114020050001
114020050002
114020050003
114020050004
114020050005
114020050006
114020050007
114020050008
114020060001
114020060002
114020060003
114020060004
114020060005
114020070001
114020070002
114020070003
114020070004
114020070005
114020070006
114020070007
114020070008
114020070009
114020070010
114020070011
114020070012
114020080001
114020080002
114020080003
114020080004
114020080005
114020080006
114020080007
114020080008
114020080009
114020080010
114020080011
114020080012
114020080013
114020080014
114020080015
114020080016
114020080017
114020080018
114020080019
114020090001
114020090002
114020090003
114030010001
114030010002
114030010003
114030010004
114030010005
114030010006
114030010007
114030010008
114030010009
114030010010
114030010011
114030010012
114030010013
114030010014
114030010015
114030010016
114030010017
114030010018
114030010019
114030010020
114030010021
114030010022
114030010023
114030020001
114030020002
114030020003
114030020004
114030020005
114030020006
114030040001
114030040002
114030040003
114030040004
114030060001
114030080001
114030090001
115010020001
115010020002
115010050001
115010050002
115010050003
115010060001
115010180001
115010190001
115019990001
115019990002
115019990003
115020050001
115020050002
115020050003
115020050004
115020050005
115020050006
115020050007
115020050008
115020050009
115020050010
115020050011
115020050012
115020050013
115020060001
115020060002
115020060003
115020060004
116010010001
116010010002
116010010003
116010010004
116010010005
116010010006
116010010007
116010010008
116010010009
116010010010
116010010011
116010010012
116010010013
116010010014
116010010015
116010010016
116010010017
116010010018
116010010019
116010010020
116010010021
116010010022
116010010023
116010010024
116010010025
116010010026
116010010027
116010010028
116010010029
116010010030
116010010031
116010010032
116010010033
116010010034
116010010035
116010010036
116010010037
116010010038
116010010039
116010010040
116010010041
116010010042
116010010043
116010010044
116010010045
116010010046
116010010047
116010010048
116010010049
116010010050
116010010051
116010010052
116010010053
116010010054
116010010055
116010010056
116010010057
116010010058
116010010059
116010010060
116010010061
116010010062
116010020001
116010020002
116010020003
116010020004
116010020005
116010020006
116010020007
116010020008
116010020009
116010020010
116010020011
116010020012
116010020013
116010020014
116010030001
116010030002
116010040001
116010040002
116010040003
116010040004
116010040005
116010040006
116010040007
116010040008
116010040009
116010040010
116010070001
116010080001
116010080002
116010080003
116010080004
116010080005
116010080006
116010080007
116010080008
116010080009
116010080010
116010080011
116010080012
116010080013
116010080014
116010110001
116010110002
116010110003
116010110004
116010120001
116010120002
116010120003
116010120004
116010120005
116010120006
116010120007
116010120008
116010120009
116010120010
116010120011
116010120012
116010120013
116010120014
116010120015
116010120016
116010120017
116010120018
116010120019
116010120020
116010120021
116010120022
116010120023
116010130001
116010130002
116010130003
116010130004
116010140001
116019990001
116019990002
116020030001
116020030002
116020030003
116020030004
116020030005
116020030006
116020030007
116020030008
116020030009
116020030010
116020030011
116020030012
116020030013
116020030014
116020030015
116020030016
116020030017
116030010001
116030010002
116030010003
116030010004
116030010005
116030010006
116030010007
116030010008
116030010009
116030010010
116030010011
116030010012
116030010013
116030010014
116030010015
116030010016
116030010017
116030010018
116030010019
116030010020
116030010021
116030010022
116030010023
116030010024
116030010025
116030010026
116030010027
116030010028
116030010029
116030010030
116030010031
116030010032
116030010033
116030010034
116030010035
116030010036
116030010037
116030010038
116030010039
116030010040
116030010041
116030010042
116030010043
116030010044
116030010045
116030010046
116030010047
116030010048
116030010049
116030010050
116030010051
116030010052
116030010053
116030010054
116030010055
116030020001
116030020002
116030020003
116030020004
116030020005
116030020006
116030020007
116030020008
116030030001
116030030002
116030030003
116030030004
116030030005
116030030006
116030030007
116030030008
116040010001
116040010002
116040010003
116040070001
116040070002
116040070003
116049990001
117010020001
117010040001
117010060001
117010060002
117010060003
117019990001
117020070001
117020070002
117020070003
117020080001
117020080002
117020090001
117020090002
117020090003
117020090004
117020090005
117020090006
117020090007
117020090008
117020160001
117020170001
117020170002
117020170003
117020170004
117020170005
117020170006
117029990001
117030010001
117030010002
117030010003
117030010004
117030010005
117030010006
117030010007
117030010008
117030010009
117030010010
117039990001
117039990002
117990020001
117990020002
117990030001
117990030002
117990050001
117990050002
117990050003
117990050004
117990050005
117990050006
117990050007
117990050008
117990060001
117990070001
117990070002
117990070003
117990070004
117990080001
117990080002
117997010001
117997010002
117997020001
117999990001
117999990002
117999990003
117999990004
117999990005
117999990006
117999990007
117999990008
117999990009
117999990010
117999990011
117999990012
117999990013
117999990014
117999990015
118010020001
118010030001
118020010001
118020010002
118020010003
118020010004
118020010005
118020010006
118020020001
118020020002
118020030001
118020050001
118020050002
118020060001
118020060002
118020060003
118020060004
118020070001
118020080001
118020080002
118020080003
118030020001
118030050001
118030060001
118030060002
118030070001
118040020001
118040030001
118040040001
118040040002
118040050001
118040070001
118040100001
118040100002
118040100003
118040100004
118040110001
118040110002
118040110003
118040110004
118040110005
118040120001
118040120002
118050040001
118050040002
118050050001
118050050002
118050050003
118050060001
118050090001
118050090002
118050100001
118050100002
118050110001
118050110002
118050120001
118060020001
118060030001
118060040001
118060050001
118060050002
118060050003
118060080001
118060100001
118060100002
118060180001
118060190001
118060210001
118060300001
118060300002
118060310001
118060310002
118060320001
118060320002
118060360001
118060400001
118060410001
118060440001
118060470001
118069990001
118069990002
119010010001
119010010002
119010010003
119010020001
119010020002
119010070001
119010070002
119010090001
119010110001
119010190001
119019990001
119020080001
119020080002
119020130001
119020130002
119020200001
119020210001
119020210002
119020210003
119020210004
119020210005
119020210006
119020210007
119020210008
119020260001
119020260002
119020330001
119020350001
119029990001
119029990002
119029990003
119029990004
119029990005
119029990006
119029990007
121010040001
121010040002
121010060001
121010060002
121010060003
121010060004
121010070001
121010070002
121010070003
121010070004
121010390001
121010500001
121010570001
121010570002
121010580001
121020030001
121020040001
121020040002
121020060001
121020060002
121020060003
121020060004
121020070001
121020070002
121020070003
121020090001
121020090002
121020100001
121020100002
121020100003
121020100004
121020100005
121020100006
121020110001
121020110002
121020110003
121020110004
121020110005
121020110006
121020110007
121020110008
121020290001
121020290002
121020290003
121020290004
121020290005
121020300001
121020300002
121020300003
121020300004
121020310001
121020310002
121020310003
121020320001
121020320002
121020320003
121020320004
121020320005
121020320006
121020320007
121020320008
121020320009
121020330001
121020330002
121020330003
121020340001
121020340002
121020340003
121020340004
121020340005
121020350001
121030010001
121030010002
121030030001
121030030002
121030050001
121030050002
121030060001
121030060002
121030060003
121030060004
121030060005
121030060006
121040010001
121040010002
121040010003
121040010004
121040040001
121040040002
122010020001
122010030001
122010030002
122010030003
122010030004
122010050001
122010170001
122010170002
122010270001
122010290001
122010320001
122010320002
122010340001
122010340002
122010350001
122010350002
122010350003
122010350004
122010350005
122010350006
122010350007
122010350008
122010420001
122010420002
122010420003
122010460001
122010460002
122010460003
122010460004
122010460005
122010460006
122010460007
122010490001
122020010001
122020020001
122020030001
122020030002
122020030003
122020030004
122020030005
122020050001
122020060001
122020080001
122020080002
122020080003
122020080004
122020080005
122020080006
122020080007
122020090001
122020100001
122020100002
122020110001
122020110002
122020110003
122020120001
122020150001
122020150002
122020160001
122020160002
122020160003
122020160004
122020190001
122020190002
122020230001
122020230002
122020230003
122020230004
122020250001
122020250002
122020250003
122020250004
122020280001
122020280002
122020280003
122020310001
122020310002
122020340001
122020340002
122020340003
122020340004
122020340005
122020340006
122020360001
122020360002
122020370001
122020390001
122020390002
122020400001
122020400002
122020410001
122020420001
122020420002
122020420003
122020420004
122020420005
122020430001
122020440001
122020440002
122020450001
122029990001
122029990002
122029990003
122029990004
122029990005
122029990006
122029990007
122030030001
122030030002
122030070001
122030090001
122030100001
122030100002
122030100003
122030100004
122030100005
122030100006
122030100007
122030110001
122030110002
122030110003
122030110004
122030110005
122030110006
122030110007
122030150001
122030150002
122030150003
122030150004
122030150005
122030150006
122030150007
122030150008
122030160001
122030200001
122030220001
122030220002
122030220003
122030280001
122039990001
122040020001
122040090001
122040090002
122040090003
122040090004
122040090005
122040090006
122040100001
122040100002
122040130001
122040150001
122040180001
122050030001
122050030002
122050030003
122050030004
122050050001
122050050002
122050080001
122050080002
122050080003
122050080004
122059990001
122059990002
122059990003
124010050001
124010090001
124010090002
124010090003
124010110001
124010110002
124010180001
124010180002
124010260001
124010290001
124010290002
124010330001
124010330002
124010330003
124010330004
124010330005
124010330006
124010330007
124010330008
124010330009
124010330010
124010330011
124010330012
124010330013
124010330014
124010330015
124010330016
124010380001
124010380002
124030040001
124040120001
124040120002
124040120003
124040210001
124040320001
124040320002
124040320003
124040420001
124050040001
124050050001
124050050002
124050050003
124050050004
124050050005
124050050006
124050050007
124050050008
124050050009
124050070001
124050120001
124050200001
124050200002
124050360001
124080090001
124080090002
124080280001
124080280002
124080280003
124080280004
124080370001
124080460001
124080470001
124080540001
124080570001
124080570002
124080570003
124080570004
124080580001
124080590001
124080590002
124080590003
124080600001
124080600002
124080610001
124080620001
124080650001
124080660001
124990010001
124990020001
200000000001
200000000002
200000000003
200000000004
200000000005
200000000006
200000000007
200000000008
200000000009
200000000010
200000000011
200000000012
200000000013
200000000014
200000000015
200000000016
200000000017
200000000018
200000000019
200000000020
200000000021
200000000022
200000000023
200000000024
200000000025
200000000026
200000000027
200000000028
200000000029
200000000030
200000000031
200000000032
200000000033
200000000034
200000000035
200000000036
200000000037
200000000038
200000000039
200000000040
200000000041
200000000042
200000000043
200000000044
200000000045
200000000046
200000000047
200000000048
200000000049
200000000050
200000000051
200000000052
200000000053
200000000054
200000000055
200000000056
200000000057
200000000058
200000000059
200000000060
200000000061
200000000062
200000000063
200000000064
200000000065
200000000066
200000000067
200000000068
200000000069
200000000070
200000000071
200000000072
200000000073
200000000074
200000000075
200000000076
200000000077
200000000078
200000000079
200000000080
200000000081
200000000082
200000000083
200000000084
200000000085
200000000086
200000000087
200000000088
200000000089
201010020001
201040040001
201060020001
201070030001
201100070001
201100070002
201100130001
201100130002
201100220001
201100220002
201107010001
201107010002
201110050001
201110090001
201110090002
201110090003
201120010001
201120010002
202010010001
202010010002
202040070001
202040080001
202040080002
202040080003
202040160001
202040180001
202040180002
202040180003
202040180004
202050060001
202060010001
202060010002
202060020001
202060040001
202060050001
203020010001
203020010002
203030010001
203030010002
203030010003
203040020001
203040020002
203040020003
203050020001
203070010001
203070020001
204020020001
204020020002
204030010001
204050010001
204170020001
204170020002
204170020003
204180010001
204180010002
204200010001
205020010001
205037010001
206010100001
206020020001
206080010001
207010020001
207010020002
208010130001
208020030001
208020030002
208020030003
208060010001
208080010001
208080010002
208080010003
208080050001
208080050002
208080060001
208080070001
208120010001
208150010001
208180010001
208180010002
208180010003
208180010004
208180010005
208180010006
208180040001
208180040002
208200090001
208240010001
208240010002
208240010003
208240010004
208247010001
208300010001
208300010002
208310010001
208310010002
208310010003
208310010004
208310010005
208310190001
208310230001
208310350001
208350010001
208350010002
208370010001
208370010002
208370070001
208400010001
208400080001
208400080002
208400120001
208400120002
208400220001
208407010001
208440020001
208450010001
208500010001
208550060001
208550070001
208550090001
208550090002
208550090003
208580010001
208580010002
208580010003
208580020001
208580020002
208580020003
208580020004
208590040001
208590040002
208590040003
208590040004
208590040005
208590040006
208590040007
208590060001
208620010001
208620010002
208620100001
208620100002
208620140001
208620180001
208620180002
208620180003
208620180004
208627010001
208630010001
208630030001
208630230001
208630230002
208630240001
208630320001
208630360001
208630360002
208650010001
208710040001
208710040002
208710040003
208710040004
208710040005
208710040006
208710140001
208710140002
208710140003
208750010001
208750050001
208750050002
208760150001
208760150002
208760150003
208760150004
208760150005
208760150006
208760150007
208760150008
208760200001
208760220001
208760220002
208780010001
208780010002
208780010003
208780010004
208780010005
208810020001
208810020002
208810030001
208810030002
208810040001
208810040002
208810060001
208820020001
210050010001
210050010002
210050010003
210050010004
210090010001
210090020001
210130020001
210130020002
210160040001
210160040002
210160040003
210160040004
210160040005
210160120001
210160120002
210160130001
210160160001
210160160002
210160210001
210160240001
210160270001
210160270002
210160280001
210160330001
210160330002
210160330003
210160340001
210160340002
210160340003
210170010001
210170040001
210170040002
210170040003
210200020001
210220010001
210237010001
210250020001
210250020002
210250020003
210250020004
210250020005
210270010001
210280010001
210300020001
210300020002
210310020001
210310020002
210330010001
210360010001
210440040001
210440040002
210440040003
210440110001
210440110002
210440110003
210440110004
210440310001
210440330001
211020010001
211050020001
211050040001
211050130001
211050140001
211050140002
211050150001
211050150002
211050150003
211050150004
211050150005
211050190001
211050190002
211050210001
211050210002
211050250001
211050270001
211050270002
211050280001
211050280002
211050290001
211050290002
211050290003
211050290004
211057010001
211080020001
211090010001
211100020001
212030010001
212030020001
212030020002
212050010001
212050010002
212050010003
212050010004
212050010005
212080010001
212080010002
212140010001
213010010001
213010010002
213010050001
213010050002
213030010001
214010010001
214010030001
214010030002
214020020001
214020020002
214020020003
214020020004
214060080001
214060110001
214060110002
214060110003
214060130001
214060270001
214060330001
214060360001
214060360002
214060360003
214060380001
214060380002
214060380003
214060390001
214060410001
214060430001
214070050001
214070050002
214070090001
214070120001
214070150001
214070150002
214070190001
214070190002
214070190003
214070190004
214070200001
215020040001
215050040001
215050040002
215050040003
215050040004
215050040005
215050040006
215050040007
215050120001
215050120002
215050120003
215050120004
215050120005
215050120006
216010010001
216020020001
216020020002
216060010001
216060010002
216070010001
216070010002
216070010003
216090010001
216110010001
218060040001
218060040002
218060040003
218060040004
218060040005
218060040006
218060170001
218110010001
218110010002
218110010003
218110010004
218140040001
218140040002
218140040003
218140040004
218140050001
218140050002
218140050003
218140070001
218140100001
218140100002
218140120001
218140210001
218140220001
218140230001
218140230002
218140230003
218140270001
218140270002
218140270003
218160090001
218160090002
218160240001
218160240002
218160240003
218160240004
218160240005
218160240006
218170010001
218170050001
218190010001
219020010001
219060010001
219087010001
219090010001
219090010002
219090010003
219090190001
219090190002
219090190003
219090210001
219090230001
219090230002
219090230003
219090230004
219090230005
219090230006
219090240001
219090240002
219090240003
219090240004
219090240005
219090240006
219097010001
219130010001
219130010002
219130010003
219130010004
219130010005
219130010006
219130010007
219150010001
219150010002
219170010001
219170010002
219170010003
220010010001
220010010002
220020010001
220050010001
220050020001
221020010001
221030050001
221070010001
221070010002
222040010001
222090010001
222130010001
223060010001
223060040001
223060040002
223110010001
223130020001
223130020002
223130020003
223170020001
223180020001
223190030001
223190030002
223190030003
225020010001
225020010002
225070010001
225070010002
225070010003
225070010004
225110010001
225120010001
225170050001
225170050002
225170050003
225170080001
225170080002
225170110001
225170140001
225170190001
225170190002
225170330001
225170330002
225170330003
225170520001
225170570001
225177010001
225180010001
225210020001
225210020002
225210030001
225210030002
225210030003
225210030004
225210100001
225210370001
225210370002
225210370003
225210390001
225210400001
225210400002
225210400003
225210520001
225210580001
225210580002
225210760001
225210780001
225210780002
225210780003
225210780004
225210780005
225210780006
225210810001
225210950001
225210950002
225210950003
225210950004
225210990001
225210990002
225210990003
225210990004
225211030001
225211080001
225211080002
225211130001
225211130002
225211130003
225211170001
225211180001
225211270001
225211300001
225211300002
225211380001
225211410001
225211410002
225211590001
225211590002
225211680001
225211680002
225211680003
225211680004
225211720001
225211720002
225211720003
225211820001
225211940001
225211940002
225211940003
225211950001
225211950002
225211950003
225211950004
225211950005
225212050001
225212080001
225212100001
225212170001
225212420001
225212420002
225230020001
225230030001
225230030002
225230030003
225240020001
225240020002
225240020003
225240020004
225240020005
225240020006
225240020007
225240110001
225260010001
225270020001
225290060001
225290080001
225300020001
225300070001
225300070002
225300180001
225300230001
225300230002
225300260001
225300260002
225300260003
225300270001
225307010001
225307010002
225330130001
225330130002
225330150001
225330150002
225370070001
225370100001
225370100002
225370140001
225370140002
225370160001
225370180001
225370190001
225370210001
225370210002
225370220001
225370240001
225370240002
225370240003
225370360001
225370410001
225370410002
225370420001
225370430001
225370430002
225370480001
225370480002
225370480003
225370480004
225480040001
225480040002
225480040003
225480040004
225480040005
225530010001
226020010001
226020010002
226030010001
226030010002
226040010001
226040010002
226040010003
226057010001
227010010001
227010010002
227010020001
227010040001
227010040002
227010070001
227010070002
227020010001
227020010002
227030010001
227030040001
227030070001
227090010001
227130020001
227130020002
227130020003
227130070001
227130070002
227130210001
227130220001
227130220002
227150010001
227150010002
227150030001
227150060001
227150080001
227150100001
227150100002
227150100003
227150100004
227150170001
227150170002
227150200001
227150220001
227160040001
227160040002
227160080001
227160080002
227160080003
227160080004
227160130001
227160130002
227160190001
227160190002
227220010001
227240040001
227240040002
227240040003
227240070001
227240070002
227240070003
227300020001
227300020002
227300040001
227300050001
227330010001
227330010002
228020010001
228070050001
228070090001
228070100001
228070130001
228070150001
228070150002
228070160001
228070160002
228070160003
228090070001
228090080001
228090090001
228090090002
228090090003
228090090004
228090150001
228090150002
228090170001
228090350001
228090370001
228090500001
228090500002
228090500003
228090500004
228090500005
228090500006
228090610001
228090620001
228090620002
228090620003
228090620004
228090620005
228090620006
228090620007
228090620008
228090620009
228090670001
228090670002
228090670003
228090670004
228090710001
228090730001
228090730002
228090730003
228090740001
228090740002
228090760001
228090760002
228090770001
228090770002
228090770003
228090770004
228090770005
228090770006
228090770007
228090770008
228090770009
228090770010
228090770011
228090770012
228090770013
228090850001
228090850002
228090860001
228110050001
228110050002
228120010001
228170010001
228170010002
228170010003
228170070001
228170080001
228170090001
228170110001
228170110002
228170110003
228170110004
228170110005
228170110006
228220010001
228230010001
228230010002
228230010003
228320010001
228320010002
228320060001
228320080001
228320080002
228320120001
228320140001
228320140002
228320230001
228380010001
228380020001
229030010001
230030010001
230030010002
230030010003
230030010004
230030010005
230030010006
230060010001
230060010002
230060010003
230060010004
231020010001
231020010002
231020010003
231060100001
231060130001
231060130002
231060130003
231060130004
231060170001
231060170002
231067010001
231070010001
231070010002
231070010003
231070010004
231070010005
231070010006
231070030001
231070030002
231070030003
231070060001
231070110001
231070110002
232020020001
232050010001
232060020001
232060020002
232060020003
232070010001
232070010002
232070010003
233010030001
233010030002
233010030003
233010030004
233010030005
233010030006
233040010001
233040010002
233090010001
233090060001
233090100001
233090120001
233090120002
233090120003
233100010001
233100010002
234010020001
234010020002
234010020003
234010040001
234010040002
234010050001
234010050002
234010050003
234010100001
234010100002
235010020001
235010020002
235020010001
235030010001
235030010002
235030020001
235050080001
235050080002
235050100001
235050100002
235050170001
235100010001
235100010002
235120010001
235120010002
235120030001
235120050001
235160010001
236110010001
237040010001
237050010001
237050010002
237050010003
237050010004
237060010001
238010020001
238010020002
238080020001
238080050001
238080070001
238080070002
238080070003
238080130001
238080130002
238080130003
238100010001
238110020001
238110020002
238110060001
238110060002
238110080001
238150010001
238150010002
238150060001
238150060002
238150090001
238160010001
238210010001
238260030001
238260030002
238280010001
239010060001
239060010001
239100010001
239110010001
239137010001
299100010001
299100070001
299100070002
299100070003
299100070004
299160010001
299160010002
299160020001
299190010001
299190010002
299200010001
299200020001
299250010001
299250010002
299250010003
299310020001
299320010001
299320010002
299320010003
299320010004
299320010005
299320010006
299999990001
